7.614674480739703988e+00
6.448384108868512321e+00
6.332739987156608130e+00
6.234543684346617098e+00
6.143369728868657731e+00
6.054603550059736605e+00
5.974880366778570817e+00
5.901238623729422095e+00
5.834603035006641569e+00
5.773624876806558781e+00
5.717967333133555208e+00
5.665732876574697485e+00
5.617748612707311295e+00
5.572474815875045451e+00
5.530272502790797517e+00
5.490180629344026286e+00
5.452412325242334212e+00
5.416810769680117765e+00
5.383621453746290975e+00
5.353279729766294182e+00
5.322071206471151505e+00
5.294011019724459643e+00
5.266632319728205225e+00
5.242126507946282210e+00
5.218555497975389201e+00
5.195469750353127303e+00
5.172978446995916357e+00
5.150907795045001514e+00
5.131566159242440861e+00
5.112335899890947388e+00
